Provider;John Doe (ECMWF)
CaseStudy;European Rivers
ForecastSystem;EFAS
ForecastType;Bias Correction 2
ModelVariable;Discharge
ScoreType;Brier Score
ScoreLeadTimeUnit;Month
VerificationPeriod;2000/01/01 2010/12/31
!
LocationID;River_names;Station_names;Latitude;Longitude;Score_Value;LeadTime
4;River 827;Station 827;42.7321145054884;3.9880276308395;3.00849361708639;1
4;River 827;Station 827;42.7321145054884;3.9880276308395;2.78456299713443;2
4;River 827;Station 827;42.7321145054884;3.9880276308395;2.5656824649328;3
4;River 827;Station 827;42.7321145054884;3.9880276308395;3.00249742432354;4
4;River 827;Station 827;42.7321145054884;3.9880276308395;2.77449710298215;5
4;River 827;Station 827;42.7321145054884;3.9880276308395;2.93756394572879;6
5;River 828;Station 828;45.7139077200554;3.22838801890612;2.27196098762349;1
5;River 828;Station 828;45.7139077200554;3.22838801890612;2.15468611864712;2
5;River 828;Station 828;45.7139077200554;3.22838801890612;2.3246859049433;3
5;River 828;Station 828;45.7139077200554;3.22838801890612;2.36868253479945;4
5;River 828;Station 828;45.7139077200554;3.22838801890612;2.29014296498578;5
5;River 828;Station 828;45.7139077200554;3.22838801890612;2.57096421322431;6
6;River 829;Station 829;49.3177385395393;2.87526766769588;1.07111185234097;1
6;River 829;Station 829;49.3177385395393;2.87526766769588;1.05364088975582;2
6;River 829;Station 829;49.3177385395393;2.87526766769588;1.16931928479399;3
6;River 829;Station 829;49.3177385395393;2.87526766769588;1.16955061089526;4
6;River 829;Station 829;49.3177385395393;2.87526766769588;1.19763750976938;5
6;River 829;Station 829;49.3177385395393;2.87526766769588;1.1708197594805;6
7;River 830;Station 830;43.753359708935;5.42316758539528;1.33732590217342;1
7;River 830;Station 830;43.753359708935;5.42316758539528;1.17883000645611;2
7;River 830;Station 830;43.753359708935;5.42316758539528;1.285543865525;3
7;River 830;Station 830;43.753359708935;5.42316758539528;1.30063777537654;4
7;River 830;Station 830;43.753359708935;5.42316758539528;1.31170019954019;5
7;River 830;Station 830;43.753359708935;5.42316758539528;1.46090362013381;6
8;River 831;Station 831;41.987975013908;8.34028668235987;6.57933375372798;1
8;River 831;Station 831;41.987975013908;8.34028668235987;7.94291499745697;2
8;River 831;Station 831;41.987975013908;8.34028668235987;7.79213526457495;3
8;River 831;Station 831;41.987975013908;8.34028668235987;8.71420820339855;4
8;River 831;Station 831;41.987975013908;8.34028668235987;8.20734136714104;5
8;River 831;Station 831;41.987975013908;8.34028668235987;8.52199143062946;6
9;River 832;Station 832;40.735110999085;6.65723075857386;2.01814744165519;1
9;River 832;Station 832;40.735110999085;6.65723075857386;1.76598465113022;2
9;River 832;Station 832;40.735110999085;6.65723075857386;1.92816205122342;3
9;River 832;Station 832;40.735110999085;6.65723075857386;2.09089697276852;4
9;River 832;Station 832;40.735110999085;6.65723075857386;1.99562600859365;5
9;River 832;Station 832;40.735110999085;6.65723075857386;2.21394837190555;6
9000963;River 352;Station 352;42.2587069845758;8.00017965491861;6.96601265517902;1
9000963;River 352;Station 352;42.2587069845758;8.00017965491861;7.1756595106313;2
9000963;River 352;Station 352;42.2587069845758;8.00017965491861;6.93895503551276;3
9000963;River 352;Station 352;42.2587069845758;8.00017965491861;7.49307664799983;4
9000963;River 352;Station 352;42.2587069845758;8.00017965491861;6.86078304845334;5
9000963;River 352;Station 352;42.2587069845758;8.00017965491861;6.68873287984354;6
13;River 833;Station 833;42.5174953299575;3.12657704111189;1.1573578858924;1
13;River 833;Station 833;42.5174953299575;3.12657704111189;1.30236699712508;2
13;River 833;Station 833;42.5174953299575;3.12657704111189;1.56122199824911;3
13;River 833;Station 833;42.5174953299575;3.12657704111189;1.6661883972827;4
13;River 833;Station 833;42.5174953299575;3.12657704111189;1.74845917550746;5
13;River 833;Station 833;42.5174953299575;3.12657704111189;1.77514539387104;6
14;River 834;Station 834;49.3525043851696;5.99673380376771;8.73451733409526;1
14;River 834;Station 834;49.3525043851696;5.99673380376771;7.69806147353637;2
14;River 834;Station 834;49.3525043851696;5.99673380376771;8.06115175890561;3
14;River 834;Station 834;49.3525043851696;5.99673380376771;8.5561800216962;4
14;River 834;Station 834;49.3525043851696;5.99673380376771;8.10480887364367;5
14;River 834;Station 834;49.3525043851696;5.99673380376771;7.92824517874044;6
15;River 835;Station 835;43.9609299856238;1.62739986088127;4.58311294978448;1
15;River 835;Station 835;43.9609299856238;1.62739986088127;5.00508350619733;2
15;River 835;Station 835;43.9609299856238;1.62739986088127;4.82359616562304;3
15;River 835;Station 835;43.9609299856238;1.62739986088127;4.84400713633008;4
15;River 835;Station 835;43.9609299856238;1.62739986088127;4.65585147874457;5
15;River 835;Station 835;43.9609299856238;1.62739986088127;4.5978618318321;6
16;River 836;Station 836;45.6830966216512;6.12276159692556;42.9775865466991;1
16;River 836;Station 836;45.6830966216512;6.12276159692556;47.6074165875776;2
16;River 836;Station 836;45.6830966216512;6.12276159692556;48.2050881527939;3
16;River 836;Station 836;45.6830966216512;6.12276159692556;54.7102339029841;4
16;River 836;Station 836;45.6830966216512;6.12276159692556;50.9807120707414;5
16;River 836;Station 836;45.6830966216512;6.12276159692556;50.3924765956767;6
17;River 837;Station 837;40.2500461810268;9.57418718840927;19.4988093437907;1
17;River 837;Station 837;40.2500461810268;9.57418718840927;20.7271419926447;2
17;River 837;Station 837;40.2500461810268;9.57418718840927;22.0396474283386;3
17;River 837;Station 837;40.2500461810268;9.57418718840927;24.1180931495065;4
17;River 837;Station 837;40.2500461810268;9.57418718840927;22.6801979198454;5
17;River 837;Station 837;40.2500461810268;9.57418718840927;22.2175556553447;6
19;River 838;Station 838;40.1362635404803;1.04026743210852;10.1843803082825;1
19;River 838;Station 838;40.1362635404803;1.04026743210852;9.53029953624342;2
19;River 838;Station 838;40.1362635404803;1.04026743210852;9.54195556580535;3
19;River 838;Station 838;40.1362635404803;1.04026743210852;10.5547016101907;4
19;River 838;Station 838;40.1362635404803;1.04026743210852;10.2624462180621;5
19;River 838;Station 838;40.1362635404803;1.04026743210852;10.6119630886443;6
20;River 839;Station 839;49.9616888770834;9.34555520070717;5.61018152229668;1
20;River 839;Station 839;49.9616888770834;9.34555520070717;5.11673195905841;2
20;River 839;Station 839;49.9616888770834;9.34555520070717;5.06429856624277;3
20;River 839;Station 839;49.9616888770834;9.34555520070717;5.50996127006068;4
20;River 839;Station 839;49.9616888770834;9.34555520070717;5.33290010536479;5
20;River 839;Station 839;49.9616888770834;9.34555520070717;5.72071197987551;6
1;River 840;Station 840;42.1934342384338;3.05468901060522;0.673018553896774;1
1;River 840;Station 840;42.1934342384338;3.05468901060522;0.666474178420094;2
1;River 840;Station 840;42.1934342384338;3.05468901060522;0.688413670220787;3
1;River 840;Station 840;42.1934342384338;3.05468901060522;0.719904478974911;4
1;River 840;Station 840;42.1934342384338;3.05468901060522;0.648621614138205;5
1;River 840;Station 840;42.1934342384338;3.05468901060522;0.652575488910335;6
2;River 841;Station 841;41.2014932977036;4.06111113959923;11.2228349380426;1
2;River 841;Station 841;41.2014932977036;4.06111113959923;10.1713647276077;2
2;River 841;Station 841;41.2014932977036;4.06111113959923;9.71629885998636;3
2;River 841;Station 841;41.2014932977036;4.06111113959923;11.3446476580686;4
2;River 841;Station 841;41.2014932977036;4.06111113959923;10.7177230412896;5
2;River 841;Station 841;41.2014932977036;4.06111113959923;11.0261937491517;6
3;River 826;Station 826;41.9453086424619;5.59425295796245;0.958411772039134;1
3;River 826;Station 826;41.9453086424619;5.59425295796245;0.941422254206875;2
3;River 826;Station 826;41.9453086424619;5.59425295796245;0.964020021311096;3
3;River 826;Station 826;41.9453086424619;5.59425295796245;1.04851092763958;4
3;River 826;Station 826;41.9453086424619;5.59425295796245;1.08997924884667;5
3;River 826;Station 826;41.9453086424619;5.59425295796245;1.05921345241158;6
9565063;River 673;Station 673;45.6492133997381;2.31763717718422;4.93041383577072;1
9565063;River 673;Station 673;45.6492133997381;2.31763717718422;4.3685044143319;2
9565063;River 673;Station 673;45.6492133997381;2.31763717718422;4.85097413283002;3
9565063;River 673;Station 673;45.6492133997381;2.31763717718422;4.84014849791277;4
9565063;River 673;Station 673;45.6492133997381;2.31763717718422;4.5492185203157;5
9565063;River 673;Station 673;45.6492133997381;2.31763717718422;4.28881062105627;6
9509300;River 491;Station 491;40.2465794002637;9.39323420636356;1.86523667505084;1
9509300;River 491;Station 491;40.2465794002637;9.39323420636356;1.76967197494012;2
9509300;River 491;Station 491;40.2465794002637;9.39323420636356;1.85676707566527;3
9509300;River 491;Station 491;40.2465794002637;9.39323420636356;1.76657723172308;4
9509300;River 491;Station 491;40.2465794002637;9.39323420636356;1.89611310366273;5
9509300;River 491;Station 491;40.2465794002637;9.39323420636356;1.95659568097148;6
9563711;River 671;Station 671;48.9492400246672;9.36387540772557;5.21611475574642;1
9563711;River 671;Station 671;48.9492400246672;9.36387540772557;4.95767237775393;2
9563711;River 671;Station 671;48.9492400246672;9.36387540772557;5.63809895617296;3
9563711;River 671;Station 671;48.9492400246672;9.36387540772557;5.58775714238714;4
9563711;River 671;Station 671;48.9492400246672;9.36387540772557;5.26859794455704;5
9563711;River 671;Station 671;48.9492400246672;9.36387540772557;5.58773802967506;6
